#include <stdio.h>
#include <stdint.h>
#include <stdlib.h>
#include <string.h>

void printSums(void);

uint8_t data[10][10] = {
	{87, 248, 175, 42, 226, 245, 58, 63, 189, 62},
	{58, 22, 56, 239, 49, 112, 222, 185, 228, 144},
	{29, 119, 238, 187, 135, 89, 54, 179, 38, 5},
	{196, 173, 148, 40, 41, 57, 205, 232, 206, 126},
	{96, 46, 228, 109, 71, 225, 23, 51, 136, 208},
	{9, 7, 191, 88, 108, 54, 5, 105, 205, 31},
	{97, 147, 63, 139, 149, 5, 104, 111, 102, 199},
	{231, 121, 127, 198, 207, 50, 14, 254, 71, 230},
	{85, 89, 10, 61, 150, 15, 205, 242, 160, 43},
	{164, 42, 30, 202, 222, 44, 153, 211, 212, 112}
};

int main()
{
	printf("Here are the sum of the data: \n");
	printSums();

	return 0;
}

void printSums()
{
	int xTotal		= 0;
	int yTotal[10]	= {0, 0, 0, 0, 0, 0, 0, 0, 0, 0};
	int sumTotal	= 0;

	for(int y=0; y<10+1; ++y,xTotal=0)
	{
		for(int x=0; x<10; ++x)
		{
            /* Calculate X & Y Total Sums */
			xTotal      += data[y][x];
            yTotal[x]   += data[y][x];

            /* Print Cell Data */
			if(y<10)
			{
				printf((x==0 ? "% 4d" : "% 5d"), data[y][x]);

				/* Print Total Sum X */
				if(x==9)
				{
					sumTotal += xTotal;
					printf(" |% 5d\n", xTotal);
				}
			}
			else
			{
				if(x==0)
				{
					printf("--------------------------------------------------------\n");
				}
				printf((x==0 ? "%d" : "% 5d"), yTotal[x]);
			}


		}
	}

	/* Print Total Sum */
	printf(" |%d\n", sumTotal);
}

/*
The output should look like:

	Here are the sum of the data:
	  87  248  175   42  226  245   58   63  189   62 | 1395
	  58   22   56  239   49  112  222  185  228  144 | 1257
	  29  119  238  187  135   89   54  179   38    5 | 1044
	 196  173  148   40   41   57  205  232  206  126 | 1228
	  96   46  228  109   71  225   23   51  136  208 | 1097
	   9    7  191   88  108   54    5  105  205   31 |  794
	  97  147   63  139  149    5  104  111  102  199 | 1019
	 231  121  127  198  207   50   14  254   71  230 | 1272
	  85   89   10   61  150   15  205  242  160   43 |  975
	 164   42   30  202  222   44  153  211  212  112 | 1228
	--------------------------------------------------------
	1052 1014 1266 1305 1358  896 1043 1633 1547 1160 |11309
*/
